9	1
25	2
19	3
9	4
19	5
9	6
6	6
9	7
6	7
6	8
19	9
1	10
3	11
6	12
6	13
9	14
9	15
7	15
20	16
1	17
9	18
5	18
9	19
6	19
14	20
5	21
9	21
7	22
1	22
15	23
6	24
6	25
9	26
7	27
6	27
1	28
17	29
6	30
9	30
20	31
8	32
9	33
9	34
7	34
9	35
19	36
9	37
9	38
9	39
7	39
6	40
11	41
1	41
6	42
6	43
9	44
14	45
1	46
7	47
1	47
28	48
19	49
6	50
7	51
7	52
25	52
9	53
6	54
15	55
9	55
25	56
7	56
5	57
9	58
9	59
25	60
25	61
4	62
6	63
9	64
7	65
9	66
5	67
9	67
9	68
1	69
20	70
27	71
1	71
9	72
18	73
15	74
4	75
6	76
9	77
9	78
9	79
9	80
9	81
11	82
9	83
6	84
3	85
9	86
6	87
6	88
1	89
4	90
6	91
9	91
19	92
7	93
9	94
9	95
25	96
6	97
25	98
6	99
6	100
6	101
6	102
15	103
11	104
6	105
18	106
6	107
7	108
6	109
9	110
12	111
27	112
9	112
9	113
6	114
9	115
9	116
17	117
6	118
9	119
19	120
18	121
6	122
9	123
9	124
7	125
6	125
14	126
14	127
14	128
14	129
14	130
14	131
9	132
6	133
25	134
25	135
7	136
9	136
6	137
9	138
6	139
7	140
9	141
9	142
9	143
14	144
9	145
9	146
9	147
9	148
6	149
25	150
9	151
9	152
9	153
12	154
9	155
18	156
18	156
9	156
9	157
7	158
6	159
9	160
15	161
9	161
7	162
9	162
6	163
9	164
9	165
9	166
9	167
4	168
6	169
1	170
9	171
9	172
18	173
9	174
20	175
9	176
9	177
14	178
9	179
6	179
14	180
19	181
6	182
9	182
9	183
6	183
1	184
9	185
9	186
9	187
7	187
9	188
6	189
6	190
7	191
9	191
11	192
25	193
15	194
7	195
1	196
1	197
10	198
6	199
9	199
6	200
6	201
6	202
20	203
9	204
6	205
6	206
6	207
16	208
6	209
14	210
10	211
9	212
3	212
14	213
9	214
9	215
28	216
1	217
9	218
1	219
9	220
6	221
25	222
6	223
6	224
6	225
6	226
8	227
8	228
4	229
4	230
9	231
3	232
24	233
19	234
6	235
9	236
5	236
6	237
9	238
6	239
9	239
11	239
3	239
11	240
12	240
14	241
20	242
14	242
20	243
1	244
20	245
20	246
20	247
6	247
20	248
20	249
20	250
20	251
14	252
1	252
5	253
9	253
6	254
6	255
1	255
4	256
4	257
16	258
6	259
12	260
6	261
6	262
15	263
9	263
6	264
10	265
18	265
5	266
9	266
28	267
9	268
9	269
3	270
1	271
14	272
9	273
6	273
6	274
6	275
6	276
9	277
14	278
7	279
9	280
6	280
11	280
4	280
15	281
11	281
11	282
15	282
18	283
12	283
5	284
6	285
9	286
6	287
20	288
25	289
5	290
6	291
9	292
9	293
6	294
9	295
7	296
9	297
14	298
6	299
9	300
6	301
15	301
7	302
9	302
1	303
1	304
9	305
1	306
28	307
9	308
9	309
6	310
6	311
9	312
4	312
6	313
25	313
10	314
9	315
6	316
9	317
19	318
6	319
9	320
14	321
14	322
14	323
6	324
11	325
6	326
6	327
9	328
18	328
12	329
7	330
9	330
9	331
14	332
6	332
14	333
9	334
6	335
1	336
6	337
7	338
9	339
9	340
9	341
9	342
14	343
6	344
6	345
25	346
4	347
9	348
9	349
27	349
11	350
9	350
20	351
6	352
1	353
18	354
16	355
1	356
1	357
6	357
9	358
16	359
3	359
9	360
21	361
12	361
6	362
1	363
6	364
9	365
14	366
6	367
7	368
9	368
9	369
9	370
9	371
20	372
9	373
15	374
26	375
1	376
7	377
9	377
6	378
9	379
6	380
9	381
7	381
14	382
5	383
4	384
21	385
9	385
19	386
9	387
25	388
9	389
27	389
9	390
5	390
28	391
16	392
14	393
14	394
25	395
4	396
6	397
25	398
6	399
9	400
9	401
25	402
9	403
1	404
6	405
1	406
7	406
6	407
14	407
14	408
20	409
6	410
19	411
6	412
9	413
19	414
9	415
3	416
9	417
1	418
6	419
1	420
1	421
4	422
9	423
7	423
18	424
6	425
15	425
9	426
20	427
4	428
20	429
14	430
9	431
9	432
11	433
15	433
22	434
6	435
6	436
22	436
6	437
1	437
6	438
9	439
5	439
18	440
8	441
25	442
1	442
9	443
6	444
26	445
9	446
7	447
6	447
1	448
25	449
9	450
10	451
6	452
9	453
5	454
6	455
12	456
11	457
9	458
6	459
7	460
9	460
11	461
9	462
6	463
15	464
6	465
12	466
6	467
19	468
6	469
1	470
1	471
9	471
6	472
6	473
20	474
20	475
6	475
6	476
20	476
9	477
1	478
6	479
1	479
28	480
24	481
6	482
1	482
25	483
14	483
28	484
25	485
9	486
7	486
6	487
6	488
14	489
7	490
6	490
7	491
7	492
9	492
9	493
1	494
1	495
6	496
4	497
17	498
1	499
6	500
7	500
15	501
9	502
9	503
25	504
7	505
7	506
6	506
9	507
1	508
20	508
2	509
28	510
6	511
9	512
1	513
9	514
9	515
6	516
6	517
9	517
9	518
25	519
25	520
2	520
2	521
25	521
14	522
9	523
5	523
9	524
5	525
27	525
1	526
23	527
23	528
23	529
4	530
14	531
20	532
20	533
20	534
4	534
20	535
20	536
6	537
9	538
6	539
9	540
9	541
6	542
19	543
9	544
6	544
4	545
4	546
19	547
18	548
6	549
11	550
12	550
4	551
6	552
11	553
12	554
6	554
5	555
18	556
9	557
25	557
7	558
9	558
1	559
27	560
6	561
6	562
14	563
9	564
9	565
9	566
14	567
27	567
25	568
14	569
6	570
11	571
11	572
6	573
12	574
12	575
9	576
14	577
15	578
6	579
9	580
19	581
7	582
6	583
9	584
7	584
17	585
1	586
1	587
1	588
7	589
9	589
6	590
6	591
7	592
9	592
6	593
9	594
6	595
6	596
6	597
1	598
6	598
1	599
6	599
6	600
20	601
20	602
18	603
27	603
5	604
9	604
6	605
9	606
14	607
1	608
9	609
20	610
6	611
9	612
1	613
6	614
6	615
6	616
9	617
6	618
11	618
10	619
6	620
6	621
6	622
28	622
9	623
6	624
15	625
6	626
6	627
6	628
7	628
1	629
9	630
1	631
6	632
6	633
9	634
26	635
6	636
28	637
6	638
11	639
6	640
9	641
5	641
6	642
7	642
9	643
5	644
7	645
28	646
9	647
9	648
11	648
1	649
14	650
9	651
7	651
1	652
1	653
1	654
1	655
9	656
25	657
27	658
1	659
6	660
25	661
1	662
9	663
9	664
7	664
1	665
23	666
9	667
6	668
3	669
26	670
25	671
9	672
7	672
7	673
26	674
14	675
14	676
1	677
20	678
6	679
6	680
6	681
6	682
6	683
19	684
5	685
9	685
28	686
6	686
6	687
25	688
25	689
6	690
9	691
9	692
9	693
25	694
11	695
19	696
27	697
7	698
9	698
24	699
9	700
7	700
9	701
7	701
9	702
1	703
1	704
9	705
15	705
9	706
1	707
1	708
1	709
3	710
5	711
9	711
25	712
9	713
1	714
21	715
9	715
9	716
9	717
7	717
18	718
25	719
9	720
25	721
6	722
7	722
1	723
18	724
9	724
24	725
6	726
25	727
6	728
19	729
9	730
6	731
6	732
9	733
9	734
9	735
24	736
24	737
14	738
15	739
6	740
20	741
21	742
9	742
25	743
9	744
9	745
9	746
9	747
4	748
4	749
9	750
7	750
14	751
6	752
9	753
9	754
18	755
7	756
14	757
6	758
6	759
9	760
1	761
9	762
6	763
6	764
26	765
9	766
5	766
6	767
28	768
6	769
9	770
25	771
5	772
6	773
9	774
9	775
25	776
9	777
9	778
26	779
6	780
6	781
9	781
9	782
1	783
6	784
6	785
9	786
20	787
14	788
7	789
9	789
6	790
11	791
6	791
9	792
5	792
4	793
20	794
25	795
25	796
25	797
1	798
6	799
28	800
15	801
15	802
6	803
9	803
6	804
7	805
9	805
9	806
1	807
9	808
1	809
9	810
18	811
6	812
6	813
14	814
14	815
14	815
11	816
12	816
9	817
6	818
9	818
6	819
25	820
7	821
6	821
25	822
9	823
6	824
9	824
6	825
9	826
6	826
9	827
1	828
19	829
9	830
6	831
9	832
7	832
9	833
7	833
9	834
7	834
4	835
11	835
14	836
27	837
18	838
7	839
9	840
12	841
6	841
17	842
14	843
6	843
6	844
28	845
1	846
9	847
6	848
9	849
28	850
6	850
6	851
27	851
6	852
14	853
4	854
5	855
9	855
6	856
9	857
9	858
1	859
1	860
6	861
7	862
9	862
6	863
6	864
25	865
15	866
6	867
14	868
14	869
6	870
6	871
7	872
9	872
6	873
7	874
6	874
6	875
28	876
14	877
6	878
9	879
6	880
6	881
1	882
6	883
11	884
14	885
14	886
6	886
6	887
20	888
15	889
6	890
14	891
1	892
6	893
6	894
9	895
6	896
5	897
1	898
28	899
6	900
9	901
9	902
6	903
9	903
6	904
2	905
9	905
13	905
2	906
14	907
6	908
15	908
11	909
6	909
9	910
14	911
6	912
6	913
6	914
15	915
6	915
6	916
6	917
11	918
14	919
14	920
9	921
9	922
6	923
6	924
26	924
1	925
6	926
25	927
7	928
9	928
24	929
1	930
18	931
6	932
9	933
25	934
6	935
6	936
3	937
6	938
25	939
6	940
7	941
9	941
14	942
14	943
9	944
19	945
6	946
14	947
9	948
14	949
9	950
14	951
14	951
16	951
9	952
9	953
7	953
9	954
22	955
6	956
6	957
6	958
9	959
3	960
14	961
6	962
9	963
27	963
9	964
14	965
6	966
14	966
14	967
14	968
9	969
6	969
15	970
1	971
6	971
11	971
5	972
9	973
6	974
4	975
11	975
9	976
1	977
23	977
9	978
7	978
6	979
6	980
6	981
14	982
6	983
15	984
1	985
20	986
18	987
6	988
9	989
19	990
9	991
25	992
9	993
6	993
5	994
9	995
9	996
6	996
28	997
7	998
9	998
11	999
16	1000
12	1001
18	1001
5	1002
1	1003
6	1004
1	1004
4	1005
6	1006
6	1007
6	1008
6	1009
28	1010
9	1011
5	1012
6	1013
11	1013
9	1014
6	1015
6	1016
11	1017
9	1017
9	1018
20	1019
25	1020
6	1021
15	1022
4	1023
9	1024
6	1024
16	1025
14	1026
14	1027
14	1028
20	1029
9	1030
14	1031
14	1032
14	1033
14	1034
14	1035
6	1036
1	1036
9	1037
9	1038
7	1039
9	1039
1	1040
16	1041
9	1042
9	1043
18	1044
10	1045
20	1046
9	1047
6	1048
14	1048
20	1049
25	1050
9	1051
14	1052
11	1053
6	1053
3	1054
5	1054
6	1055
6	1056
6	1057
9	1057
9	1058
9	1059
25	1059
9	1060
12	1061
9	1062
9	1063
6	1063
6	1064
9	1065
6	1066
7	1066
10	1067
6	1068
6	1069
7	1070
9	1070
12	1071
12	1072
20	1072
9	1073
9	1074
9	1075
8	1076
1	1077
9	1078
12	1079
1	1080
3	1080
6	1081
9	1082
9	1083
20	1084
20	1085
9	1086
9	1087
6	1088
9	1089
9	1090
1	1091
9	1091
9	1092
7	1092
1	1093
6	1094
1	1095
6	1096
3	1097
11	1097
9	1098
20	1099
6	1100
20	1101
9	1102
7	1102
9	1103
4	1104
20	1105
14	1106
6	1107
6	1108
6	1109
5	1110
6	1111
5	1112
9	1112
1	1113
9	1114
19	1115
20	1116
20	1117
1	1118
6	1118
1	1119
9	1120
10	1120
15	1120
7	1121
9	1121
7	1122
25	1123
9	1123
9	1124
27	1125
18	1125
6	1126
25	1127
25	1128
6	1128
1	1129
6	1130
11	1131
1	1132
6	1132
25	1133
9	1134
9	1135
7	1135
25	1136
9	1137
6	1138
9	1139
9	1140
28	1141
9	1142
19	1143
6	1144
19	1145
1	1146
24	1147
22	1148
6	1149
1	1150
1	1151
12	1152
1	1152
3	1153
9	1154
6	1155
5	1156
19	1157
9	1158
11	1158
6	1158
7	1159
3	1160
20	1160
20	1161
9	1162
25	1163
25	1164
14	1165
20	1166
19	1167
5	1168
5	1169
9	1169
1	1170
7	1171
6	1171
7	1172
6	1173
5	1173
12	1174
9	1175
6	1176
4	1177
7	1178
9	1178
9	1179
7	1179
1	1180
6	1180
6	1181
9	1182
7	1183
6	1183
6	1184
25	1185
4	1186
1	1187
6	1188
7	1189
6	1190
1	1191
9	1192
10	1193
6	1194
6	1195
27	1196
13	1197
19	1198
25	1199
2	1199
9	1200
6	1201
7	1202
6	1202
6	1203
1	1204
9	1205
1	1206
20	1207
25	1208
15	1209
9	1209
7	1210
9	1210
1	1211
6	1211
6	1212
14	1213
9	1214
10	1215
18	1216
6	1217
20	1217
20	1218
14	1219
6	1220
14	1220
6	1221
14	1221
6	1222
9	1223
9	1224
6	1225
6	1226
7	1227
9	1228
25	1229
9	1230
6	1231
14	1232
3	1233
9	1234
5	1235
1	1236
27	1236
19	1237
9	1238
9	1239
9	1240
6	1241
9	1241
20	1242
9	1243
9	1244
6	1244
25	1245
9	1246
5	1246
28	1247
9	1247
9	1248
15	1249
6	1249
14	1250
9	1251
14	1252
6	1253
6	1254
14	1255
16	1256
9	1256
3	1257
14	1258
20	1259
20	1260
20	1261
1	1262
20	1263
6	1264
20	1265
6	1266
24	1267
11	1268
11	1269
9	1270
9	1271
11	1272
6	1272
6	1273
11	1273
6	1274
9	1275
9	1276
18	1276
4	1277
4	1278
9	1279
9	1280
14	1281
20	1282
10	1283
15	1284
18	1285
6	1286
9	1287
28	1288
9	1288
6	1289
1	1290
9	1291
6	1292
9	1293
25	1294
9	1295
5	1296
9	1297
8	1298
23	1299
7	1300
9	1300
20	1301
9	1302
20	1303
6	1303
14	1304
1	1305
14	1306
14	1306
14	1307
6	1308
1	1308
19	1309
14	1310
6	1311
14	1312
9	1313
14	1314
14	1315
8	1316
9	1317
9	1318
6	1319
5	1320
15	1320
14	1321
25	1322
16	1323
7	1324
24	1325
14	1326
28	1327
9	1328
6	1329
6	1330
9	1331
9	1332
7	1332
9	1333
14	1334
24	1335
25	1336
6	1337
27	1338
14	1339
14	1340
7	1341
25	1341
25	1341
1	1342
28	1343
9	1344
6	1345
6	1346
25	1346
6	1347
9	1348
18	1348
6	1349
6	1350
1	1351
1	1352
3	1353
20	1354
1	1355
1	1356
1	1357
14	1358
20	1359
25	1360
1	1361
25	1362
1	1363
9	1364
9	1365
24	1366
6	1367
6	1368
1	1369
25	1370
25	1371
25	1372
6	1373
14	1374
25	1375
8	1376
14	1377
20	1378
6	1379
14	1380
20	1381
6	1382
7	1383
9	1384
7	1384
27	1385
9	1385
19	1386
4	1387
6	1388
19	1389
9	1390
6	1391
6	1392
1	1392
1	1393
16	1394
1	1395
1	1396
1	1397
14	1398
14	1399
14	1400
9	1401
6	1402
6	1403
9	1404
9	1405
6	1405
9	1406
1	1407
6	1407
24	1408
6	1409
9	1410
18	1411
11	1412
4	1412
14	1413
1	1413
25	1414
9	1415
7	1415
6	1416
6	1417
1	1418
25	1419
14	1419
16	1420
9	1421
25	1422
7	1423
6	1424
6	1425
11	1425
25	1426
6	1427
6	1428
12	1428
6	1429
6	1430
1	1431
1	1432
1	1433
1	1434
6	1435
9	1436
9	1437
9	1438
3	1439
4	1439
17	1440
7	1441
5	1441
6	1442
6	1443
6	1444
4	1445
12	1446
18	1447
9	1448
28	1449
6	1450
1	1451
25	1452
6	1452
6	1453
6	1454
6	1455
25	1456
11	1457
6	1458
6	1459
9	1460
20	1461
25	1462
7	1462
25	1463
6	1464
1	1465
9	1466
6	1467
3	1468
6	1469
9	1470
7	1470
27	1471
9	1471
6	1472
9	1473
7	1474
6	1474
14	1475
7	1476
9	1476
25	1477
9	1478
6	1479
9	1480
25	1481
6	1482
7	1483
9	1483
20	1484
1	1485
1	1486
1	1487
25	1488
6	1489
1	1490
9	1491
6	1492
25	1493
6	1494
6	1495
9	1496
6	1497
6	1498
19	1499
6	1500
14	1501
6	1502
6	1503
14	1504
6	1505
6	1506
14	1507
12	1508
11	1508
19	1509
14	1510
14	1511
6	1512
14	1513
6	1514
5	1515
9	1515
9	1516
12	1517
12	1518
6	1519
25	1520
9	1521
25	1521
25	1522
6	1523
6	1524
9	1525
20	1526
14	1526
9	1527
9	1528
15	1529
20	1530
25	1531
6	1532
1	1533
6	1534
1	1535
9	1536
6	1537
17	1538
1	1539
6	1540
9	1541
1	1542
15	1543
9	1543
6	1544
6	1545
6	1546
9	1547
15	1548
9	1548
6	1549
6	1550
6	1551
20	1552
12	1553
6	1554
6	1555
7	1556
6	1557
9	1558
1	1559
6	1560
15	1561
1	1562
20	1563
6	1564
25	1565
20	1565
1	1566
6	1567
8	1568
9	1569
7	1569
6	1570
6	1571
1	1572
9	1573
14	1574
6	1575
1	1576
6	1577
9	1578
6	1579
14	1580
6	1581
5	1581
6	1582
6	1583
7	1584
9	1585
9	1586
1	1587
9	1587
25	1588
14	1589
6	1590
6	1591
12	1591
3	1592
4	1593
6	1594
14	1595
6	1595
5	1596
9	1596
9	1597
6	1598
7	1599
9	1599
6	1600
9	1601
18	1601
1	1602
9	1603
7	1604
6	1605
11	1605
18	1606
12	1607
11	1607
6	1607
14	1608
6	1609
9	1610
14	1611
20	1611
9	1612
9	1613
9	1614
7	1614
9	1615
6	1615
14	1616
27	1617
6	1618
12	1619
6	1620
14	1621
9	1622
7	1623
9	1623
9	1624
16	1625
9	1626
20	1627
1	1628
27	1629
1	1630
25	1631
1	1632
1	1633
9	1634
7	1634
5	1635
6	1636
17	1637
1	1638
20	1639
9	1640
9	1641
1	1642
1	1643
12	1644
14	1644
5	1645
6	1646
6	1647
6	1648
6	1649
6	1650
6	1651
9	1652
1	1653
20	1654
3	1654
1	1654
9	1655
27	1656
11	1657
10	1658
18	1658
9	1659
9	1660
6	1661
6	1662
1	1663
9	1664
9	1665
9	1666
6	1666
9	1667
20	1668
12	1669
6	1670
27	1671
6	1672
9	1673
9	1674
9	1675
6	1676
15	1676
6	1677
20	1678
6	1678
14	1679
15	1680
20	1681
20	1682
12	1683
6	1684
1	1685
9	1686
1	1687
1	1688
9	1689
6	1689
14	1690
20	1691
9	1692
6	1693
9	1694
1	1695
25	1696
1	1697
24	1698
25	1699
25	1700
22	1701
1	1702
9	1703
25	1704
9	1705
25	1706
16	1706
9	1707
9	1708
7	1709
9	1709
24	1710
6	1711
1	1712
14	1713
1	1714
5	1715
12	1716
6	1717
6	1718
7	1719
25	1720
9	1721
7	1721
9	1722
18	1723
15	1724
9	1724
9	1725
15	1725
7	1726
24	1727
6	1728
9	1729
1	1730
23	1731
4	1732
9	1733
6	1734
9	1735
9	1736
3	1737
9	1738
16	1739
6	1740
1	1741
6	1742
15	1743
1	1744
6	1745
9	1746
1	1747
9	1747
6	1748
11	1748
9	1749
9	1750
25	1751
6	1752
17	1753
6	1754
6	1755
6	1756
6	1757
9	1757
25	1758
1	1759
6	1760
9	1761
7	1762
14	1762
9	1763
9	1764
6	1765
15	1766
9	1767
9	1768
7	1768
4	1769
6	1770
15	1771
6	1772
14	1773
9	1774
9	1775
12	1775
6	1776
6	1777
25	1778
25	1779
1	1780
1	1781
1	1782
25	1783
1	1784
14	1785
20	1786
12	1787
7	1788
25	1789
6	1790
9	1791
9	1792
5	1793
9	1793
9	1794
17	1795
1	1796
1	1797
4	1798
20	1799
3	1800
18	1801
6	1802
9	1803
1	1804
11	1805
9	1806
9	1807
25	1808
1	1809
1	1810
7	1811
1	1812
6	1813
6	1814
12	1815
9	1816
9	1817
10	1818
9	1819
9	1820
9	1821
9	1822
6	1823
20	1824
5	1825
9	1825
6	1826
9	1827
1	1828
9	1829
9	1830
7	1831
2	1832
6	1833
3	1834
9	1835
6	1836
6	1837
3	1838
1	1839
20	1840
9	1841
1	1841
25	1842
19	1843
11	1844
6	1845
6	1846
24	1847
12	1848
6	1848
11	1849
1	1850
11	1851
27	1852
9	1853
6	1854
9	1855
3	1856
18	1857
19	1858
9	1859
15	1859
9	1860
9	1861
6	1862
6	1863
6	1864
6	1865
15	1866
9	1866
11	1867
20	1868
6	1869
1	1870
6	1871
9	1872
12	1873
6	1874
6	1875
9	1876
9	1877
7	1877
6	1878
7	1879
19	1880
6	1881
9	1882
26	1883
9	1884
7	1885
7	1886
9	1886
9	1887
14	1888
7	1889
9	1889
5	1890
9	1890
5	1891
28	1891
6	1892
14	1893
18	1894
25	1895
6	1896
6	1897
11	1898
6	1899
6	1900
14	1901
14	1902
11	1903
11	1904
3	1904
11	1905
7	1906
6	1906
9	1907
9	1908
20	1909
9	1910
9	1911
7	1911
19	1912
9	1913
6	1913
20	1914
9	1915
9	1916
5	1917
9	1917
6	1918
9	1918
6	1919
1	1920
21	1921
9	1921
14	1922
14	1923
14	1924
14	1925
14	1926
14	1927
14	1928
14	1929
14	1930
6	1931
18	1932
6	1933
6	1934
14	1934
14	1935
6	1936
14	1937
20	1938
14	1939
7	1940
9	1940
6	1941
15	1941
28	1942
1	1943
6	1944
11	1945
9	1946
5	1946
14	1947
6	1948
9	1949
7	1949
1	1950
6	1951
27	1952
6	1953
9	1954
6	1954
6	1955
6	1956
6	1957
19	1958
6	1959
6	1960
25	1961
15	1962
9	1963
6	1963
11	1964
6	1964
20	1965
20	1966
1	1967
6	1967
4	1968
11	1968
1	1969
4	1970
3	1971
1	1971
5	1972
20	1973
6	1974
20	1974
20	1975
4	1976
28	1977
14	1977
1	1978
20	1979
1	1979
5	1980
9	1981
7	1981
9	1982
28	1983
9	1983
7	1984
9	1984
7	1985
14	1986
9	1987
9	1988
27	1989
9	1989
6	1990
6	1991
11	1991
9	1992
1	1993
20	1994
6	1995
6	1996
9	1997
10	1998
9	1999
9	2000
5	2000
1	2001
6	2002
6	2003
9	2004
15	2005
7	2006
6	2006
6	2007
9	2008
6	2009
6	2010
9	2011
6	2012
27	2013
5	2013
9	2014
6	2015
1	2016
23	2017
14	2018
14	2019
6	2020
9	2021
14	2022
20	2023
6	2023
6	2024
20	2024
6	2025
19	2026
12	2026
20	2027
5	2028
6	2029
6	2030
7	2030
6	2031
18	2032
9	2033
9	2034
9	2035
6	2036
9	2036
6	2037
14	2038
9	2039
5	2040
9	2041
1	2042
9	2042
9	2043
9	2044
9	2045
15	2046
7	2047
9	2047
7	2048
9	2048
9	2049
27	2049
6	2050
9	2051
27	2051
14	2052
9	2053
27	2053
5	2054
20	2055
14	2055
15	2056
20	2057
6	2058
28	2058
9	2059
6	2060
6	2061
6	2062
6	2063
9	2063
19	2064
11	2065
9	2066
3	2067
1	2068
9	2069
9	2070
7	2070
6	2071
1	2072
28	2073
6	2074
6	2075
1	2076
19	2077
6	2078
27	2078
25	2079
9	2080
9	2081
25	2082
1	2083
6	2084
6	2085
7	2086
9	2086
3	2087
11	2088
5	2089
7	2090
9	2090
6	2091
16	2092
6	2092
9	2093
6	2094
25	2095
14	2096
9	2097
9	2098
9	2099
14	2100
9	2101
9	2102
9	2103
1	2104
6	2104
10	2105
6	2106
9	2107
14	2108
3	2109
15	2110
6	2110
15	2111
6	2111
5	2112
5	2113
6	2113
13	2114
6	2115
6	2116
9	2117
22	2118
1	2118
6	2119
6	2120
14	2120
6	2121
20	2121
21	2122
7	2123
6	2123
14	2124
6	2125
1	2126
14	2127
14	2128
9	2129
6	2129
6	2130
6	2131
6	2132
6	2133
6	2134
6	2135
7	2136
9	2136
9	2137
9	2138
11	2139
6	2139
4	2140
1	2141
6	2142
1	2143
6	2143
1	2144
28	2145
6	2146
1	2147
9	2148
25	2149
6	2150
6	2151
15	2152
6	2153
15	2153
15	2154
6	2155
25	2156
1	2157
14	2158
14	2159
14	2160
14	2161
14	2162
14	2163
14	2164
14	2165
14	2166
14	2167
27	2168
6	2169
9	2170
9	2171
6	2172
1	2173
6	2174
16	2175
23	2176
20	2177
6	2178
6	2179
1	2180
6	2181
1	2182
15	2183
11	2183
19	2184
25	2185
9	2186
4	2187
9	2188
15	2189
6	2190
25	2191
7	2192
10	2193
6	2194
9	2195
9	2196
9	2197
1	2198
1	2199
1	2200
9	2201
15	2202
1	2203
9	2204
9	2205
6	2206
14	2207
7	2208
9	2208
1	2209
6	2210
6	2211
6	2212
16	2213
11	2213
9	2214
12	2215
11	2215
3	2216
1	2216
11	2217
12	2217
11	2218
12	2218
12	2219
28	2220
9	2221
6	2221
6	2222
6	2223
9	2224
6	2225
7	2226
27	2227
9	2228
14	2229
6	2230
6	2231
9	2232
6	2233
28	2233
9	2234
21	2234
14	2235
6	2236
19	2237
6	2238
9	2239
19	2240
6	2241
6	2242
6	2243
18	2244
6	2245
5	2246
12	2247
6	2247
25	2248
20	2249
6	2249
6	2250
27	2251
9	2251
9	2252
6	2253
9	2254
9	2255
9	2256
9	2257
6	2258
9	2259
1	2260
1	2261
7	2261
9	2261
6	2262
9	2263
27	2263
12	2264
6	2264
6	2265
9	2266
28	2267
7	2268
9	2268
9	2269
4	2270
4	2271
6	2272
6	2273
15	2273
4	2274
9	2275
7	2275
6	2276
1	2277
14	2278
9	2279
7	2279
9	2280
14	2281
1	2282
6	2283
14	2284
14	2285
14	2286
5	2287
9	2287
9	2288
10	2289
25	2290
7	2290
6	2291
6	2292
11	2293
11	2294
12	2295
12	2296
11	2296
6	2297
9	2298
9	2299
19	2300
6	2301
1	2302
1	2303
6	2304
9	2305
6	2305
9	2306
28	2307
6	2308
6	2309
4	2310
7	2311
14	2312
14	2313
6	2314
6	2315
9	2316
25	2317
6	2318
28	2319
3	2320
6	2321
15	2322
11	2322
6	2323
1	2324
1	2325
6	2326
9	2327
20	2328
20	2329
20	2330
20	2331
9	2332
9	2333
14	2334
6	2335
1	2336
7	2337
1	2338
1	2339
20	2340
6	2341
12	2341
5	2342
6	2343
11	2343
20	2344
14	2344
1	2345
6	2346
6	2347
7	2348
6	2348
1	2349
6	2350
6	2351
6	2352
9	2353
11	2354
6	2354
6	2355
11	2356
6	2357
6	2358
9	2359
6	2360
28	2361
15	2361
3	2361
6	2361
14	2362
6	2362
9	2363
14	2364
6	2365
6	2366
9	2366
11	2367
11	2368
3	2368
9	2369
15	2370
6	2371
11	2372
9	2373
15	2373
6	2374
9	2375
6	2376
9	2377
7	2378
6	2379
3	2380
1	2381
6	2381
21	2382
6	2383
9	2384
19	2385
9	2386
16	2387
7	2388
9	2388
4	2389
14	2390
14	2391
14	2392
26	2393
6	2394
28	2395
6	2395
1	2396
6	2397
6	2398
6	2399
6	2400
6	2401
6	2402
20	2402
6	2403
11	2404
6	2404
14	2405
6	2406
6	2407
14	2408
6	2409
6	2410
6	2411
6	2412
9	2413
18	2414
9	2415
9	2416
14	2417
14	2418
14	2419
6	2420
9	2421
19	2422
19	2423
6	2424
6	2425
9	2426
6	2427
7	2427
19	2428
6	2429
6	2430
19	2431
20	2432
9	2433
6	2434
6	2435
11	2436
12	2436
20	2437
14	2438
14	2439
14	2440
15	2441
6	2442
6	2443
23	2444
9	2445
6	2446
6	2447
20	2448
6	2449
6	2450
9	2451
3	2452
21	2453
9	2453
9	2454
9	2455
25	2456
9	2457
9	2458
7	2458
9	2459
14	2460
9	2461
9	2462
20	2463
9	2464
6	2465
9	2465
20	2466
19	2467
9	2468
1	2469
6	2470
19	2471
6	2472
14	2473
25	2474
6	2475
6	2476
5	2477
6	2478
6	2479
9	2480
6	2481
9	2482
6	2483
9	2484
25	2485
1	2486
14	2487
19	2488
6	2489
6	2490
6	2491
11	2492
6	2493
9	2493
9	2494
5	2495
9	2495
6	2496
5	2497
17	2498
9	2499
1	2500
20	2500
1	2501
19	2502
4	2503
11	2504
6	2505
9	2506
14	2507
20	2508
20	2509
14	2510
6	2511
6	2512
14	2512
15	2513
9	2514
6	2515
19	2516
6	2517
9	2517
4	2518
6	2519
19	2520
25	2521
9	2522
6	2523
9	2524
9	2525
5	2526
20	2527
6	2528
1	2529
7	2530
9	2530
9	2531
25	2532
6	2533
6	2534
9	2535
7	2536
6	2537
9	2538
7	2538
6	2539
10	2540
7	2541
9	2541
6	2542
6	2543
14	2544
5	2545
9	2545
6	2546
9	2547
20	2548
27	2549
9	2550
9	2551
20	2552
8	2552
6	2553
9	2553
3	2554
1	2555
3	2555
1	2556
1	2557
5	2558
20	2559
27	2559
14	2560
3	2561
6	2562
14	2563
9	2564
9	2565
6	2566
9	2566
25	2567
6	2568
1	2568
9	2569
25	2570
9	2571
24	2572
11	2573
9	2573
9	2574
6	2575
9	2575
18	2576
9	2577
14	2578
1	2579
9	2580
1	2581
3	2582
9	2582
7	2583
6	2583
14	2584
20	2585
1	2586
20	2587
20	2588
6	2589
5	2590
9	2590
21	2591
9	2592
1	2593
1	2594
23	2595
23	2596
11	2597
9	2598
6	2599
6	2600
9	2601
5	2602
6	2602
18	2603
9	2604
6	2605
14	2606
19	2607
9	2608
10	2609
9	2610
19	2611
6	2612
6	2613
9	2614
14	2615
28	2616
5	2617
9	2617
9	2618
6	2618
12	2619
19	2620
9	2621
14	2622
14	2623
6	2624
6	2625
26	2626
9	2627
7	2627
9	2628
9	2629
24	2630
25	2631
9	2632
7	2632
22	2633
6	2634
1	2634
9	2635
6	2635
4	2636
18	2637
17	2638
9	2639
6	2640
5	2641
14	2642
14	2643
9	2644
18	2644
14	2645
6	2645
3	2646
25	2646
25	2647
25	2648
14	2649
6	2650
14	2651
14	2652
9	2653
5	2653
9	2654
6	2655
14	2656
25	2657
6	2658
14	2658
28	2659
18	2660
9	2661
6	2661
11	2662
9	2662
15	2663
4	2664
9	2665
6	2666
9	2666
4	2667
6	2668
11	2668
6	2669
9	2670
6	2671
6	2672
9	2673
28	2674
6	2675
19	2676
9	2677
6	2678
7	2679
9	2679
18	2680
6	2681
6	2682
7	2683
20	2684
6	2685
9	2686
23	2687
15	2688
9	2689
28	2690
9	2691
6	2692
9	2692
25	2693
1	2694
6	2695
15	2695
4	2696
20	2697
14	2698
9	2699
7	2700
20	2701
1	2702
25	2702
9	2703
9	2704
5	2705
12	2706
11	2706
20	2707
6	2708
6	2709
9	2710
6	2711
28	2712
10	2713
3	2714
20	2715
6	2716
14	2717
9	2718
9	2719
7	2719
6	2720
18	2721
19	2722
6	2723
19	2724
12	2725
19	2726
19	2727
6	2728
19	2729
19	2730
19	2731
6	2732
4	2733
6	2734
13	2735
9	2735
6	2736
6	2737
7	2737
6	2738
9	2739
20	2740
16	2741
25	2742
9	2743
7	2744
6	2744
7	2745
9	2745
9	2746
9	2747
6	2748
12	2749
6	2750
11	2751
9	2751
9	2752
23	2753
1	2754
6	2755
9	2756
28	2757
3	2758
9	2759
6	2760
1	2761
9	2762
1	2762
7	2763
25	2764
9	2765
6	2766
7	2767
20	2768
6	2769
9	2770
1	2771
6	2771
9	2772
18	2772
16	2772
9	2773
25	2774
1	2775
11	2776
6	2776
5	2777
3	2778
20	2779
9	2780
6	2781
3	2782
9	2783
7	2783
9	2784
9	2785
6	2786
6	2787
9	2788
20	2789
6	2790
1	2791
6	2792
19	2793
6	2794
9	2795
7	2795
1	2796
9	2797
18	2798
25	2799
7	2799
9	2800
19	2801
6	2802
11	2803
28	2804
14	2804
25	2805
6	2806
1	2806
1	2807
1	2808
1	2809
6	2810
6	2811
20	2812
6	2813
25	2814
9	2815
6	2816
15	2817
6	2818
12	2819
4	2820
6	2821
9	2822
7	2822
6	2823
9	2824
5	2825
19	2826
20	2827
9	2828
6	2829
25	2830
7	2831
1	2832
5	2833
14	2834
12	2835
6	2836
9	2837
14	2838
14	2839
6	2839
25	2840
14	2841
3	2842
1	2843
1	2844
6	2845
6	2846
10	2847
7	2848
20	2849
11	2850
3	2851
6	2852
18	2853
9	2854
24	2855
9	2856
6	2857
9	2858
25	2859
3	2860
6	2861
1	2862
6	2863
9	2864
25	2865
6	2866
7	2866
9	2867
9	2868
5	2869
9	2870
5	2870
19	2871
9	2872
14	2873
6	2874
11	2875
9	2876
9	2877
6	2878
6	2879
6	2880
12	2881
12	2882
9	2883
9	2884
1	2885
25	2885
11	2886
12	2886
5	2887
6	2888
9	2889
7	2889
14	2890
14	2891
14	2892
13	2893
9	2894
6	2895
14	2896
6	2897
6	2898
6	2899
1	2900
1	2901
6	2901
1	2902
1	2903
9	2904
9	2905
18	2905
14	2906
9	2907
6	2907
9	2908
6	2909
9	2910
6	2911
19	2912
9	2913
6	2914
6	2915
10	2916
6	2917
19	2918
9	2919
6	2920
6	2921
20	2922
9	2923
9	2924
9	2925
7	2925
9	2926
9	2927
6	2928
6	2929
4	2930
9	2931
6	2932
5	2933
27	2933
12	2934
1	2935
9	2936
9	2937
9	2938
20	2938
9	2939
6	2940
6	2941
18	2941
9	2942
6	2943
19	2944
6	2945
6	2946
6	2947
7	2948
9	2949
18	2950
6	2951
6	2952
6	2953
9	2954
9	2955
7	2955
6	2956
15	2956
14	2957
9	2958
1	2959
9	2960
1	2961
1	2962
9	2963
9	2964
6	2965
17	2966
11	2967
9	2968
20	2969
9	2970
9	2971
7	2972
9	2972
1	2973
6	2974
6	2975
20	2976
6	2977
9	2978
4	2979
6	2980
1	2980
6	2981
14	2982
7	2983
9	2984
21	2985
20	2986
5	2987
6	2988
6	2989
9	2990
6	2991
9	2992
24	2993
3	2994
14	2995
6	2996
6	2997
20	2998
10	2999
9	3000
6	3001
9	3002
10	3003
19	3004
6	3005
5	3006
25	3007
19	3008
9	3009
18	3010
9	3011
6	3012
9	3013
25	3014
15	3015
6	3016
9	3017
6	3018
9	3019
7	3020
6	3021
9	3022
9	3023
9	3024
6	3025
18	3026
6	3027
9	3028
9	3029
19	3030
6	3031
6	3032
14	3033
6	3034
9	3035
18	3036
6	3037
9	3037
7	3038
6	3038
7	3039
7	3040
9	3041
9	3042
6	3043
25	3044
9	3045
9	3046
18	3047
9	3048
12	3049
27	3050
5	3050
1	3051
6	3051
1	3052
9	3053
7	3054
9	3054
9	3055
7	3055
6	3056
7	3056
6	3057
9	3058
1	3059
6	3060
14	3061
6	3062
4	3063
9	3064
6	3065
12	3066
6	3067
9	3068
6	3068
11	3069
6	3070
14	3071
9	3072
24	3073
12	3074
11	3075
9	3076
7	3077
9	3077
9	3078
18	3078
18	3079
6	3080
6	3081
6	3082
6	3083
6	3084
9	3085
6	3086
6	3087
25	3088
9	3089
5	3089
1	3090
10	3091
25	3092
25	3093
1	3094
25	3095
15	3096
15	3097
3	3098
6	3099
15	3100
6	3101
6	3102
6	3103
6	3104
1	3105
25	3106
9	3106
1	3106
25	3107
5	3108
25	3109
9	3110
6	3111
9	3112
6	3113
9	3113
6	3114
10	3115
25	3116
14	3117
14	3118
14	3119
6	3120
11	3121
2	3122
25	3123
27	3124
6	3125
3	3126
13	3126
9	3127
10	3128
9	3129
5	3130
6	3131
19	3132
1	3133
10	3134
11	3135
9	3136
7	3136
6	3137
20	3138
10	3139
6	3140
20	3140
14	3141
9	3142
9	3143
14	3144
9	3145
16	3146
10	3147
25	3148
9	3149
25	3150
9	3151
27	3151
6	3152
6	3153
20	3154
6	3155
7	3155
6	3156
9	3157
11	3158
6	3159
9	3160
21	3160
6	3161
6	3162
6	3163
1	3164
12	3165
25	3166
1	3167
14	3168
9	3169
9	3170
6	3171
9	3172
7	3172
5	3173
6	3174
6	3175
6	3176
9	3177
6	3178
7	3179
9	3179
9	3180
6	3181
6	3182
6	3183
9	3184
28	3185
6	3186
12	3187
6	3188
6	3189
6	3190
6	3191
6	3192
6	3193
6	3194
4	3195
6	3196
1	3197
6	3198
20	3199
12	3200
9	3201
4	3202
6	3203
5	3203
25	3204
6	3205
9	3206
1	3207
9	3208
27	3208
9	3209
6	3210
20	3211
20	3212
6	3212
5	3213
9	3214
7	3214
1	3215
9	3216
9	3217
9	3218
1	3219
6	3220
18	3221
9	3221
9	3222
7	3222
14	3223
20	3224
8	3225
1	3226
9	3227
9	3228
7	3228
6	3229
1	3230
12	3231
25	3232
13	3233
5	3233
6	3234
6	3235
6	3236
7	3237
10	3237
9	3238
5	3238
6	3239
6	3240
7	3240
9	3241
27	3242
6	3243
1	3244
20	3245
11	3245
9	3246
7	3246
9	3247
9	3248
9	3249
5	3250
6	3251
20	3252
7	3253
9	3253
6	3254
9	3255
14	3256
25	3257
20	3258
9	3259
21	3259
6	3260
9	3261
27	3262
11	3263
6	3264
14	3265
14	3266
6	3267
25	3268
26	3269
6	3270
6	3271
9	3272
6	3273
5	3274
9	3274
1	3275
1	3276
20	3277
1	3278
1	3279
1	3280
7	3281
9	3281
9	3282
9	3283
10	3284
6	3285
9	3286
7	3286
6	3287
6	3288
9	3289
6	3290
9	3291
7	3292
9	3292
9	3293
6	3294
6	3295
6	3296
9	3297
28	3298
20	3299
6	3299
9	3300
5	3301
9	3302
6	3303
1	3304
7	3305
6	3305
11	3306
12	3307
9	3308
6	3309
9	3310
7	3310
6	3311
14	3312
6	3313
9	3314
6	3315
4	3316
4	3317
7	3318
7	3319
20	3320
6	3321
18	3322
9	3323
6	3323
1	3324
22	3324
1	3325
19	3326
20	3327
5	3328
6	3329
9	3329
6	3330
6	3331
12	3332
1	3333
4	3334
24	3335
6	3336
1	3337
14	3338
6	3339
3	3340
9	3341
9	3342
14	3343
6	3344
6	3345
15	3346
9	3347
6	3348
6	3349
6	3350
15	3350
6	3351
6	3352
6	3353
1	3354
6	3355
21	3355
9	3356
1	3357
25	3358
6	3359
9	3360
9	3361
18	3362
12	3363
1	3364
6	3365
6	3366
9	3367
6	3367
7	3368
9	3368
6	3369
18	3370
6	3371
6	3372
9	3373
5	3374
6	3375
5	3376
9	3376
9	3377
9	3378
1	3379
6	3380
4	3381
7	3382
9	3382
9	3383
7	3383
6	3384
6	3385
20	3386
9	3387
11	3388
6	3389
25	3390
6	3391
16	3392
7	3393
9	3393
7	3394
9	3394
7	3395
6	3395
1	3396
19	3397
9	3398
19	3399
19	3400
9	3401
6	3402
9	3403
6	3404
6	3405
6	3406
19	3407
6	3408
14	3409
6	3410
9	3411
19	3412
19	3413
6	3414
6	3415
11	3416
9	3417
6	3418
6	3419
6	3420
6	3421
9	3422
6	3423
6	3424
9	3424
6	3425
9	3426
19	3427
9	3428
4	3429
6	3430
6	3431
6	3432
26	3433
6	3434
6	3435
9	3436
14	3437
6	3438
6	3439
23	3440
6	3441
6	3442
23	3443
26	3444
21	3445
6	3445
6	3446
9	3447
7	3447
21	3448
6	3449
2	3450
6	3451
9	3452
9	3453
7	3454
11	3454
12	3455
12	3456
11	3456
6	3457
3	3458
9	3459
7	3459
24	3460
15	3461
9	3461
1	3462
6	3463
6	3464
6	3465
6	3466
6	3467
6	3468
6	3469
6	3470
6	3471
6	3472
1	3473
6	3473
3	3474
1	3474
3	3475
1	3476
1	3477
14	3478
6	3479
14	3480
14	3481
9	3482
6	3483
9	3484
20	3485
14	3486
9	3487
9	3488
1	3489
6	3490
9	3491
25	3492
7	3492
25	3493
6	3494
25	3495
7	3496
9	3496
9	3497
12	3498
18	3498
25	3499
26	3500
26	3501
15	3502
19	3503
7	3504
15	3505
20	3506
7	3507
6	3507
6	3508
6	3509
9	3510
6	3510
7	3511
9	3511
9	3512
3	3513
6	3513
1	3513
9	3514
6	3515
24	3516
6	3517
25	3518
9	3519
9	3520
7	3521
9	3521
9	3522
7	3522
14	3523
16	3524
6	3525
6	3526
9	3527
9	3528
12	3529
3	3530
11	3530
20	3531
6	3532
14	3532
14	3533
14	3534
14	3535
6	3536
14	3537
9	3538
7	3538
25	3539
25	3540
14	3541
18	3542
25	3543
14	3544
14	3545
5	3546
3	3547
15	3548
19	3549
1	3550
1	3551
1	3552
9	3553
5	3554
7	3555
9	3555
6	3556
6	3557
27	3558
20	3559
1	3560
6	3561
9	3562
9	3563
7	3563
9	3564
7	3564
19	3565
1	3566
1	3567
1	3568
6	3569
25	3570
9	3571
6	3572
6	3573
6	3574
6	3575
14	3576
6	3577
9	3578
9	3579
6	3580
12	3581
6	3581
9	3582
9	3583
21	3584
25	3585
17	3586
9	3587
25	3588
9	3589
6	3590
20	3591
6	3592
6	3593
9	3594
6	3595
25	3596
9	3597
6	3598
5	3599
19	3600
6	3601
6	3602
20	3602
6	3603
9	3604
9	3605
1	3606
1	3607
10	3608
1	3609
6	3610
9	3611
6	3612
9	3613
6	3614
6	3615
6	3616
25	3617
25	3618
7	3619
7	3620
6	3620
9	3621
9	3622
9	3623
9	3624
14	3625
6	3626
9	3627
27	3627
6	3628
14	3629
6	3630
6	3631
6	3632
6	3633
6	3634
9	3635
9	3636
6	3637
11	3637
9	3638
9	3639
6	3640
18	3641
11	3642
20	3643
14	3644
1	3645
9	3646
9	3647
9	3648
9	3649
9	3650
6	3651
6	3652
19	3653
6	3654
9	3655
6	3656
6	3657
9	3658
1	3659
9	3660
6	3661
25	3662
25	3663
19	3664
9	3665
7	3666
25	3667
9	3668
28	3669
11	3670
27	3671
14	3672
6	3673
9	3674
6	3675
26	3676
18	3677
1	3678
9	3679
15	3680
9	3680
11	3681
9	3682
15	3683
9	3683
9	3684
19	3685
19	3686
6	3687
1	3688
28	3689
9	3689
25	3690
6	3691
9	3692
9	3692
25	3692
14	3692
9	3693
25	3694
11	3695
6	3696
6	3697
3	3698
16	3699
9	3700
6	3701
9	3702
25	3703
14	3704
7	3705
6	3706
9	3707
12	3708
9	3709
6	3710
9	3710
6	3711
9	3712
9	3713
6	3714
1	3715
9	3716
1	3717
7	3718
9	3719
7	3719
9	3720
14	3721
6	3722
6	3723
9	3724
9	3725
6	3726
6	3727
6	3728
6	3729
9	3730
6	3731
1	3732
6	3733
6	3734
6	3735
18	3736
6	3737
6	3737
14	3738
6	3739
25	3740
9	3741
7	3742
9	3742
28	3743
28	3744
25	3745
6	3746
28	3747
6	3748
20	3749
14	3749
7	3750
9	3750
25	3751
9	3752
1	3753
17	3754
10	3755
6	3756
7	3757
6	3757
3	3758
9	3759
9	3760
9	3761
27	3761
9	3762
9	3763
14	3764
14	3765
6	3766
14	3767
9	3768
9	3769
9	3770
6	3771
20	3772
5	3773
6	3774
6	3775
1	3776
9	3777
9	3778
9	3779
9	3780
21	3781
9	3781
5	3782
28	3782
5	3783
6	3784
1	3785
25	3786
7	3787
9	3787
9	3788
5	3788
6	3789
17	3790
9	3791
1	3792
9	3793
7	3793
1	3794
9	3795
27	3796
6	3797
6	3798
6	3799
6	3800
1	3801
6	3802
15	3803
9	3803
25	3804
1	3804
11	3805
3	3805
9	3806
7	3807
9	3807
9	3808
5	3809
9	3810
25	3811
4	3812
9	3813
21	3813
9	3814
9	3815
14	3816
14	3817
11	3818
6	3819
9	3819
4	3820
11	3821
14	3822
14	3823
14	3824
14	3825
15	3826
14	3827
20	3828
6	3829
6	3830
9	3831
9	3832
12	3833
7	3834
25	3835
7	3836
25	3836
20	3837
6	3838
9	3839
18	3840
6	3841
10	3842
6	3843
6	3844
11	3845
14	3846
14	3847
14	3848
14	3849
1	3850
3	3851
12	3852
5	3853
9	3854
6	3855
6	3856
20	3857
20	3858
20	3859
27	3860
27	3861
6	3862
9	3863
6	3864
9	3864
9	3865
6	3866
6	3867
12	3868
6	3869
9	3870
4	3871
6	3872
28	3872
9	3873
1	3874
25	3875
9	3876
25	3877
25	3878
24	3879
6	3880
6	3881
6	3882
6	3883
6	3884
6	3885
6	3886
1	3887
6	3888
5	3889
14	3890
20	3891
14	3892
6	3893
3	3894
28	3895
11	3896
9	3897
25	3897
25	3898
6	3899
6	3900
9	3901
15	3902
6	3902
6	3903
6	3904
6	3905
6	3906
9	3906
7	3907
28	3908
28	3909
9	3910
19	3911
9	3912
6	3912
4	3913
9	3914
9	3915
9	3916
6	3917
6	3918
9	3919
9	3920
9	3921
20	3922
20	3923
20	3924
14	3924
9	3925
5	3925
12	3926
25	3927
7	3928
9	3928
9	3929
19	3930
9	3931
15	3932
9	3933
18	3934
9	3935
9	3936
7	3936
9	3937
7	3937
9	3938
9	3939
18	3940
9	3941
1	3941
14	3942
11	3943
20	3944
1	3945
3	3945
7	3946
9	3946
6	3947
5	3947
14	3948
9	3949
6	3950
6	3951
14	3952
5	3953
6	3953
6	3954
6	3955
26	3956
6	3957
6	3958
9	3959
14	3960
14	3961
14	3962
14	3963
9	3964
9	3965
9	3966
14	3967
6	3968
14	3969
25	3970
6	3971
14	3972
14	3973
9	3974
7	3974
9	3975
5	3975
7	3975
6	3976
1	3977
6	3977
6	3978
9	3978
6	3979
14	3980
14	3981
6	3982
9	3982
9	3983
23	3984
14	3985
14	3986
14	3987
14	3988
14	3989
14	3990
9	3991
6	3992
27	3993
9	3993
11	3994
9	3995
20	3996
6	3997
9	3997
12	3998
20	3999
9	4000
7	4000
1	4001
14	4002
14	4003
4	4004
7	4005
6	4005
7	4006
9	4007
1	4008
9	4009
28	4010
9	4011
5	4011
9	4012
9	4013
5	4013
6	4014
6	4015
9	4016
6	4017
14	4018
9	4019
20	4020
11	4020
14	4021
9	4022
6	4023
9	4024
11	4025
5	4026
6	4027
12	4028
9	4029
20	4030
6	4031
6	4032
9	4033
4	4034
9	4035
5	4036
9	4037
3	4038
6	4039
9	4039
9	4040
4	4041
1	4042
6	4043
25	4044
6	4045
9	4045
18	4045
9	4046
1	4047
1	4048
1	4049
6	4050
11	4050
9	4051
7	4051
28	4052
6	4052
9	4053
9	4054
7	4054
3	4055
1	4056
9	4057
6	4058
4	4059
9	4060
14	4061
1	4062
1	4063
15	4064
5	4064
9	4064
14	4065
9	4066
6	4067
6	4068
6	4069
6	4070
6	4071
6	4072
4	4073
18	4074
6	4075
6	4076
1	4077
6	4077
25	4078
1	4079
7	4080
9	4080
25	4081
28	4082
9	4083
7	4083
20	4084
9	4085
9	4086
7	4086
25	4086
1	4087
27	4087
1	4088
28	4089
9	4090
1	4091
26	4092
9	4093
9	4094
3	4095
9	4096
7	4096
7	4097
9	4098
18	4098
25	4099
10	4100
9	4101
1	4102
6	4103
6	4104
15	4105
9	4106
9	4107
6	4108
9	4109
9	4110
7	4110
1	4111
15	4112
6	4113
6	4114
1	4115
25	4115
14	4116
15	4116
9	4117
7	4117
6	4118
9	4119
9	4120
9	4121
7	4121
1	4122
14	4122
1	4123
20	4123
14	4123
1	4124
14	4124
9	4125
9	4126
9	4127
9	4128
14	4129
11	4130
20	4131
6	4132
14	4133
14	4134
6	4135
9	4136
14	4137
18	4138
12	4139
9	4140
3	4141
18	4142
9	4143
6	4144
6	4145
6	4146
1	4147
6	4148
9	4149
9	4150
9	4151
6	4152
15	4152
6	4153
6	4154
9	4155
9	4156
9	4157
6	4158
6	4159
11	4159
25	4160
9	4161
6	4162
6	4163
7	4164
9	4164
6	4165
25	4166
9	4167
7	4167
6	4168
9	4169
9	4170
9	4171
1	4172
6	4173
7	4174
9	4174
1	4175
15	4176
6	4176
6	4177
3	4178
4	4179
3	4180
1	4180
6	4181
3	4182
3	4183
3	4184
20	4185
20	4186
20	4187
20	4188
4	4189
6	4190
6	4191
6	4192
9	4193
9	4194
10	4195
6	4196
9	4197
21	4198
9	4199
9	4200
9	4201
9	4202
6	4203
6	4204
6	4205
9	4206
20	4207
1	4207
20	4208
25	4209
9	4210
9	4211
25	4212
6	4213
6	4214
18	4215
9	4215
9	4216
7	4216
7	4216
1	4217
6	4218
9	4218
6	4219
1	4220
6	4221
6	4222
28	4223
9	4224
24	4225
18	4226
9	4227
9	4228
7	4229
6	4229
9	4230
15	4230
9	4231
6	4232
14	4233
5	4234
9	4234
16	4235
9	4236
1	4237
6	4237
4	4238
5	4239
9	4239
4	4240
4	4241
27	4242
9	4243
18	4244
1	4245
9	4246
9	4247
20	4248
19	4249
9	4250
7	4250
9	4251
5	4252
1	4253
1	4254
7	4255
9	4256
6	4257
9	4258
1	4259
6	4260
1	4261
6	4262
9	4263
7	4263
6	4264
17	4265
6	4266
22	4267
6	4268
6	4269
6	4270
1	4271
7	4271
20	4272
6	4273
1	4274
9	4275
6	4276
9	4277
3	4278
6	4279
5	4280
25	4281
1	4281
27	4282
6	4283
9	4284
6	4285
9	4286
11	4287
14	4288
6	4289
1	4289
28	4290
6	4291
9	4292
14	4293
6	4294
20	4295
9	4296
1	4297
1	4298
1	4299
6	4300
6	4301
18	4302
9	4303
6	4304
6	4305
27	4306
9	4306
6	4307
9	4308
14	4309
14	4310
14	4311
25	4312
14	4312
14	4313
14	4314
14	4315
19	4316
6	4317
9	4318
9	4319
7	4319
6	4320
17	4321
6	4322
6	4323
6	4324
6	4325
9	4326
9	4327
14	4328
26	4329
15	4330
9	4331
6	4332
11	4333
6	4333
25	4334
11	4335
11	4336
6	4336
18	4337
9	4338
1	4339
2	4340
25	4341
5	4342
19	4343
1	4343
14	4344
14	4345
14	4346
14	4347
20	4348
6	4349
6	4350
9	4351
7	4351
5	4352
9	4352
9	4353
6	4354
18	4355
10	4356
6	4357
9	4358
14	4359
25	4359
5	4360
9	4361
14	4362
6	4363
6	4364
6	4365
14	4366
20	4366
14	4367
6	4367
6	4368
9	4369
14	4370
5	4371
6	4372
6	4373
9	4374
6	4375
9	4376
9	4377
28	4378
18	4379
20	4380
6	4381
6	4382
7	4383
5	4383
18	4384
11	4385
25	4386
9	4387
1	4388
25	4389
6	4390
9	4391
9	4392
6	4393
6	4394
6	4395
19	4396
9	4397
6	4398
7	4399
9	4399
6	4400
15	4401
25	4402
7	4402
9	4403
9	4404
14	4405
3	4406
9	4407
6	4408
9	4409
9	4410
1	4411
1	4412
7	4413
9	4413
6	4414
7	4415
9	4415
1	4415
9	4415
6	4416
9	4417
18	4418
9	4418
6	4418
6	4419
9	4420
7	4421
9	4421
1	4422
6	4423
6	4424
11	4425
6	4425
3	4426
9	4427
7	4427
24	4428
5	4429
9	4429
6	4430
14	4430
9	4431
6	4431
19	4432
6	4433
9	4433
6	4434
6	4435
19	4436
9	4437
19	4438
6	4439
1	4440
3	4441
3	4442
11	4443
9	4444
3	4445
15	4446
25	4447
9	4448
9	4449
7	4450
9	4450
7	4451
9	4451
18	4452
6	4453
20	4453
20	4454
9	4455
9	4456
7	4456
6	4457
11	4458
6	4458
9	4459
27	4460
28	4461
1	4462
9	4463
7	4464
4	4465
11	4466
12	4466
4	4467
6	4468
14	4469
9	4470
14	4471
25	4472
7	4472
9	4473
6	4474
9	4475
9	4476
21	4476
11	4477
6	4478
9	4479
6	4479
9	4480
20	4481
9	4482
25	4483
14	4484
6	4485
14	4486
25	4487
14	4488
14	4489
1	4490
20	4491
14	4492
28	4493
9	4494
9	4495
14	4496
7	4497
6	4497
28	4498
6	4499
6	4500
1	4501
6	4501
9	4502
19	4503
1	4504
3	4505
4	4506
15	4507
25	4508
6	4509
9	4510
9	4511
6	4512
6	4513
25	4514
14	4515
9	4516
3	4517
9	4518
6	4519
9	4520
9	4521
6	4522
6	4523
6	4524
9	4525
6	4526
1	4527
3	4527
20	4527
23	4528
1	4529
8	4530
20	4531
26	4532
6	4533
9	4534
25	4535
6	4536
6	4537
6	4538
6	4539
7	4540
9	4540
25	4541
26	4542
14	4543
9	4544
20	4544
9	4545
9	4546
6	4546
9	4547
14	4548
14	4549
14	4550
6	4551
20	4551
9	4552
25	4553
19	4554
6	4555
14	4556
14	4557
9	4558
14	4559
9	4560
9	4561
20	4562
7	4563
20	4564
25	4565
9	4566
6	4567
14	4568
6	4569
20	4570
6	4571
9	4572
6	4573
6	4574
6	4575
9	4576
6	4577
28	4578
6	4579
1	4580
6	4580
6	4581
9	4582
7	4582
9	4583
9	4584
1	4585
25	4586
1	4587
7	4588
6	4589
1	4590
4	4591
6	4592
11	4593
9	4594
11	4595
11	4596
6	4597
6	4598
6	4599
14	4600
20	4601
20	4602
20	4603
20	4604
1	4605
10	4606
20	4607
9	4608
6	4609
9	4610
19	4611
6	4612
6	4613
9	4614
24	4615
6	4616
12	4617
25	4618
9	4619
19	4620
20	4621
9	4622
12	4623
18	4623
10	4624
9	4625
6	4626
6	4627
6	4628
9	4629
9	4630
9	4631
25	4632
20	4633
6	4634
14	4635
14	4636
6	4637
9	4637
6	4638
6	4639
15	4639
6	4640
25	4641
24	4642
9	4643
6	4644
6	4645
9	4646
4	4647
25	4648
9	4649
20	4650
4	4651
9	4652
4	4653
20	4654
20	4655
20	4656
20	4657
6	4658
20	4659
20	4660
6	4661
9	4661
6	4662
15	4663
9	4664
25	4664
14	4665
7	4666
6	4666
20	4667
20	4668
6	4669
25	4670
1	4671
20	4672
6	4673
1	4674
1	4675
9	4676
9	4677
20	4678
3	4679
15	4680
6	4680
23	4681
23	4682
6	4683
6	4684
9	4685
6	4686
4	4687
6	4688
20	4689
9	4690
14	4691
6	4692
6	4693
6	4694
6	4695
9	4696
6	4697
11	4698
1	4699
3	4700
11	4700
11	4701
5	4702
3	4703
9	4704
14	4705
14	4706
9	4707
1	4708
18	4709
13	4709
9	4709
7	4710
6	4711
5	4712
9	4712
9	4713
18	4714
9	4714
9	4715
5	4715
11	4716
14	4717
1	4718
20	4718
20	4719
20	4720
20	4721
20	4722
20	4723
20	4724
20	4725
20	4726
20	4727
20	4728
20	4729
20	4730
20	4731
4	4732
4	4733
12	4734
6	4735
9	4735
20	4736
20	4737
6	4738
20	4739
1	4740
6	4740
18	4741
19	4742
7	4743
9	4743
9	4744
7	4744
25	4745
25	4746
14	4747
6	4748
9	4748
6	4749
15	4750
9	4750
6	4751
5	4752
6	4753
9	4754
20	4755
1	4756
1	4757
9	4758
6	4758
6	4759
9	4760
6	4761
15	4762
15	4763
15	4764
25	4765
9	4766
15	4767
9	4767
9	4768
7	4768
6	4769
9	4770
14	4771
9	4772
6	4773
24	4774
6	4775
14	4776
6	4777
9	4778
15	4779
25	4780
1	4781
6	4782
6	4783
27	4784
25	4785
9	4786
9	4787
9	4788
9	4789
6	4790
7	4791
9	4791
1	4792
6	4793
20	4794
20	4795
6	4796
14	4797
6	4798
12	4799
9	4800
9	4801
1	4802
1	4803
7	4803
7	4804
9	4804
9	4805
14	4806
1	4807
1	4808
6	4809
6	4810
1	4811
6	4812
6	4813
6	4814
11	4815
11	4816
6	4817
7	4818
6	4819
6	4820
20	4821
19	4822
6	4823
1	4824
9	4825
7	4825
6	4826
6	4827
14	4828
9	4829
9	4830
7	4830
6	4831
9	4832
9	4833
6	4834
6	4835
25	4836
9	4837
7	4838
9	4838
1	4839
6	4840
6	4841
6	4842
16	4843
9	4844
20	4845
9	4846
6	4846
9	4847
9	4848
7	4848
1	4849
1	4850
20	4851
6	4852
11	4853
6	4853
20	4853
6	4854
1	4855
11	4856
23	4857
6	4858
23	4859
1	4860
3	4860
1	4861
23	4862
20	4863
6	4864
2	4865
6	4866
4	4867
6	4868
1	4869
20	4869
6	4870
5	4871
1	4872
9	4873
25	4874
9	4875
20	4876
3	4877
15	4878
5	4879
6	4880
9	4880
6	4881
1	4882
25	4883
19	4884
18	4885
9	4886
9	4887
6	4888
3	4889
9	4890
25	4891
6	4892
9	4893
9	4894
6	4895
6	4896
6	4897
25	4898
1	4899
6	4900
9	4901
9	4902
7	4902
19	4903
9	4904
9	4905
4	4906
9	4907
6	4908
3	4909
9	4910
6	4911
28	4912
9	4913
1	4914
7	4914
6	4915
25	4916
15	4917
6	4917
21	4918
14	4919
14	4920
26	4921
9	4922
9	4923
5	4924
9	4924
6	4925
21	4926
11	4927
4	4927
1	4928
9	4929
1	4930
9	4931
9	4932
6	4933
9	4934
25	4935
9	4936
4	4937
3	4938
3	4939
25	4940
9	4941
9	4942
9	4943
6	4944
27	4945
6	4946
6	4947
6	4948
1	4949
1	4950
6	4950
6	4951
1	4951
12	4952
22	4953
9	4954
3	4955
16	4956
15	4957
9	4958
9	4959
14	4960
7	4961
9	4961
1	4962
6	4962
9	4963
1	4964
1	4965
20	4966
1	4967
20	4968
20	4969
9	4970
6	4970
9	4971
6	4972
14	4973
16	4974
6	4975
14	4975
9	4976
1	4977
9	4978
9	4979
14	4980
9	4981
6	4982
6	4983
9	4984
11	4985
1	4986
18	4987
6	4988
9	4989
9	4990
15	4991
6	4992
1	4993
14	4994
20	4995
1	4996
3	4996
9	4997
9	4998
20	4998
18	4999
9	5000
9	5001
6	5002
14	5003
6	5004
20	5005
6	5006
11	5007
4	5008
12	5009
6	5010
20	5010
6	5011
6	5012
4	5013
11	5014
9	5015
9	5016
6	5017
6	5018
20	5019
9	5020
6	5021
22	5022
9	5023
11	5024
25	5025
1	5026
9	5027
25	5027
15	5028
19	5029
14	5030
6	5031
6	5032
9	5032
19	5033
9	5034
11	5035
6	5035
11	5036
1	5037
20	5038
1	5039
5	5040
9	5041
6	5042
20	5043
1	5044
3	5045
5	5046
14	5047
11	5048
19	5049
19	5050
7	5051
9	5051
6	5052
6	5053
26	5054
28	5055
6	5056
6	5057
5	5058
14	5059
10	5060
3	5061
6	5062
9	5063
27	5064
14	5065
12	5066
6	5067
24	5068
9	5069
14	5070
9	5071
15	5072
19	5073
6	5074
9	5075
6	5076
4	5077
26	5078
9	5079
1	5080
6	5081
9	5082
9	5083
7	5083
16	5084
6	5085
1	5086
9	5087
6	5088
6	5089
27	5090
1	5091
6	5092
9	5093
6	5094
6	5095
6	5096
9	5097
6	5098
4	5099
9	5100
7	5100
20	5101
6	5102
7	5102
11	5103
11	5104
14	5105
9	5106
20	5107
11	5108
12	5108
1	5109
6	5109
3	5110
15	5111
6	5111
18	5112
7	5112
7	5113
14	5114
6	5115
9	5115
14	5116
25	5117
1	5117
1	5118
1	5119
9	5120
9	5121
14	5122
9	5123
9	5124
6	5125
1	5125
1	5126
25	5126
1	5127
20	5128
9	5129
12	5130
14	5131
9	5132
9	5133
25	5134
9	5135
27	5135
6	5136
4	5137
9	5138
7	5138
9	5139
14	5140
9	5141
6	5142
7	5142
6	5143
6	5144
6	5145
7	5146
6	5146
6	5146
6	5147
9	5147
6	5148
10	5149
5	5150
15	5150
6	5151
4	5152
25	5153
14	5154
25	5155
9	5156
6	5157
6	5158
9	5159
26	5160
1	5161
6	5162
1	5162
16	5163
16	5164
11	5165
16	5166
20	5167
11	5168
9	5169
1	5170
7	5171
9	5171
20	5172
9	5173
9	5174
9	5175
9	5176
14	5177
6	5178
1	5178
6	5179
14	5180
9	5181
25	5182
4	5183
9	5184
9	5185
7	5185
9	5186
12	5187
12	5188
12	5189
11	5189
9	5190
3	5191
9	5192
9	5193
7	5194
9	5194
6	5195
14	5196
9	5197
9	5198
17	5199
15	5200
9	5201
9	5202
12	5203
14	5203
9	5204
9	5205
25	5205
9	5206
7	5207
9	5208
16	5209
9	5210
18	5211
9	5211
1	5212
1	5213
15	5214
9	5214
6	5215
3	5216
11	5217
14	5218
6	5219
28	5220
12	5221
14	5222
14	5223
6	5224
9	5224
26	5225
12	5225
6	5226
25	5227
3	5228
9	5229
1	5230
1	5231
9	5232
25	5233
28	5234
6	5235
9	5236
6	5237
25	5238
18	5239
1	5240
7	5241
9	5241
9	5242
6	5242
6	5243
4	5244
14	5245
23	5246
1	5247
8	5247
20	5247
20	5248
9	5249
9	5250
20	5251
9	5252
9	5253
14	5254
14	5255
24	5256
25	5257
28	5258
6	5259
9	5260
25	5261
9	5262
9	5263
27	5264
9	5264
1	5265
14	5266
14	5267
6	5268
25	5269
14	5270
14	5271
6	5272
9	5273
7	5274
1	5274
9	5275
27	5276
1	5277
25	5278
9	5279
7	5279
9	5280
5	5280
9	5281
6	5282
25	5283
9	5284
7	5284
16	5285
6	5286
3	5287
25	5288
9	5289
9	5290
25	5291
25	5292
6	5293
5	5294
9	5294
3	5295
9	5296
4	5297
20	5298
9	5299
6	5300
9	5301
9	5302
25	5303
9	5304
9	5305
9	5306
9	5307
14	5308
14	5309
1	5310
24	5311
19	5312
14	5313
14	5314
1	5315
6	5316
5	5317
25	5318
6	5319
14	5320
9	5321
14	5322
9	5323
9	5324
10	5325
14	5326
25	5327
1	5328
6	5329
9	5330
6	5331
20	5332
14	5333
9	5334
21	5334
6	5335
15	5335
26	5336
20	5337
14	5338
9	5339
6	5340
25	5341
6	5342
15	5342
14	5343
6	5344
6	5345
6	5346
9	5346
15	5347
6	5348
4	5349
6	5350
6	5351
9	5352
7	5352
6	5353
20	5354
20	5355
14	5356
14	5357
14	5358
9	5359
1	5360
9	5361
20	5362
25	5362
25	5363
14	5364
6	5365
26	5366
6	5367
27	5368
9	5368
9	5369
6	5369
9	5370
4	5371
6	5372
9	5373
7	5373
14	5374
6	5375
28	5375
6	5376
9	5376
6	5377
1	5378
9	5378
9	5379
14	5380
14	5381
9	5382
25	5383
11	5384
14	5385
25	5386
20	5387
9	5388
7	5388
9	5389
7	5389
1	5390
3	5391
20	5392
25	5393
9	5394
18	5395
6	5396
6	5397
9	5398
25	5399
9	5400
9	5401
1	5402
1	5403
10	5404
7	5405
9	5405
9	5406
7	5406
9	5407
7	5407
9	5408
6	5409
11	5410
12	5410
6	5411
18	5412
19	5413
9	5413
9	5414
25	5415
6	5416
9	5416
6	5417
3	5418
11	5418
9	5419
9	5420
10	5421
5	5422
9	5423
6	5424
11	5424
28	5425
6	5426
27	5427
9	5428
28	5429
6	5430
1	5431
9	5432
13	5433
6	5434
5	5435
9	5436
9	5437
9	5438
9	5439
9	5440
7	5441
9	5441
7	5442
25	5443
14	5443
14	5444
1	5445
1	5446
6	5447
6	5448
15	5448
20	5449
6	5450
6	5451
14	5452
25	5453
20	5454
9	5454
6	5455
27	5456
14	5457
6	5458
6	5459
6	5460
9	5461
11	5462
12	5462
14	5463
14	5464
14	5465
6	5466
19	5467
9	5468
28	5469
20	5470
20	5471
9	5472
14	5473
14	5474
14	5475
14	5476
14	5477
25	5478
25	5479
14	5480
1	5481
5	5482
24	5483
25	5484
12	5484
18	5485
6	5486
6	5487
6	5488
14	5489
9	5490
6	5491
7	5492
7	5493
9	5493
10	5494
6	5495
9	5496
6	5497
9	5498
6	5499
9	5500
25	5501
14	5502
14	5503
14	5504
6	5505
18	5506
1	5507
4	5508
14	5509
9	5510
3	5510
9	5511
1	5512
25	5513
3	5514
9	5515
5	5515
27	5516
25	5517
20	5518
9	5519
9	5520
9	5521
16	5522
6	5523
3	5523
9	5524
6	5525
25	5526
6	5527
1	5528
23	5529
20	5530
6	5531
23	5532
1	5532
11	5532
9	5533
12	5534
9	5535
6	5536
9	5537
19	5538
9	5539
9	5540
5	5540
25	5541
1	5541
14	5542
20	5543
20	5544
6	5544
25	5545
7	5546
4	5547
25	5548
1	5549
3	5550
20	5551
14	5552
1	5553
7	5553
25	5554
14	5555
16	5556
6	5556
15	5557
9	5557
6	5558
6	5559
6	5560
6	5561
6	5562
9	5562
11	5563
9	5564
11	5565
4	5566
9	5567
7	5567
9	5568
1	5569
1	5570
11	5571
14	5572
6	5573
25	5574
6	5575
9	5576
7	5577
9	5577
7	5578
9	5578
7	5579
9	5579
14	5580
9	5581
7	5581
4	5582
6	5583
9	5584
1	5585
14	5586
9	5587
9	5588
6	5589
16	5590
6	5591
25	5591
18	5592
3	5593
3	5594
12	5594
11	5594
1	5594
5	5595
6	5596
1	5597
9	5598
20	5599
6	5600
7	5601
9	5602
6	5602
1	5603
14	5604
11	5605
3	5605
28	5606
14	5607
6	5607
14	5608
14	5609
18	5610
6	5611
11	5612
9	5613
6	5614
1	5615
9	5616
6	5617
1	5617
9	5618
10	5619
20	5620
9	5621
9	5622
9	5623
9	5624
4	5625
16	5626
7	5627
3	5628
9	5629
9	5630
7	5630
20	5631
20	5632
23	5633
6	5634
14	5635
9	5636
9	5637
28	5638
28	5639
9	5640
6	5641
9	5641
9	5642
3	5643
5	5644
28	5644
9	5645
7	5645
6	5646
9	5647
7	5647
9	5648
7	5648
9	5649
4	5650
4	5651
25	5652
25	5653
4	5654
15	5655
6	5656
6	5657
6	5658
6	5659
9	5660
16	5661
1	5662
28	5663
9	5664
6	5665
11	5666
7	5667
4	5668
4	5669
12	5669
12	5670
3	5671
3	5672
12	5672
9	5673
9	5674
1	5675
6	5675
14	5676
20	5677
20	5678
6	5679
19	5680
9	5681
10	5682
14	5683
9	5684
7	5684
25	5685
14	5686
11	5687
9	5688
28	5689
6	5690
7	5690
6	5691
9	5692
9	5693
9	5694
6	5695
6	5696
28	5697
9	5698
7	5699
9	5699
3	5700
9	5701
9	5702
28	5703
9	5704
5	5704
9	5705
9	5706
6	5707
6	5708
6	5709
1	5710
6	5711
25	5712
14	5713
9	5714
14	5715
1	5716
6	5717
6	5718
1	5719
28	5720
6	5721
19	5722
17	5723
20	5724
1	5725
20	5726
7	5727
9	5727
1	5728
12	5729
9	5730
6	5731
9	5732
10	5733
9	5734
5	5735
14	5736
6	5737
6	5738
12	5739
7	5740
9	5740
14	5741
9	5742
11	5743
9	5744
7	5744
9	5745
9	5746
16	5747
18	5748
28	5749
9	5750
28	5751
14	5752
1	5753
6	5754
9	5754
6	5755
1	5756
6	5757
6	5758
6	5759
14	5759
16	5760
9	5761
10	5762
9	5763
3	5764
4	5765
11	5765
1	5766
3	5767
3	5768
11	5769
11	5770
6	5771
3	5772
9	5773
6	5774
16	5775
6	5776
6	5777
6	5778
10	5779
9	5780
14	5781
25	5782
20	5783
14	5784
24	5785
12	5786
12	5787
11	5788
9	5789
7	5789
6	5790
7	5791
6	5792
1	5793
25	5794
25	5795
7	5796
6	5797
14	5798
25	5799
5	5800
9	5801
15	5802
4	5803
12	5804
16	5804
9	5805
14	5806
1	5807
3	5808
11	5809
6	5809
9	5810
18	5810
16	5811
6	5811
25	5812
6	5813
6	5814
7	5814
6	5815
1	5816
6	5817
9	5818
1	5819
14	5820
1	5821
27	5822
6	5823
9	5824
7	5824
2	5825
2	5825
7	5826
9	5826
9	5827
1	5828
24	5829
14	5830
9	5831
6	5832
1	5832
9	5833
5	5834
9	5835
20	5836
9	5837
7	5837
28	5838
9	5839
6	5840
9	5841
6	5842
6	5843
9	5844
25	5845
11	5846
5	5847
9	5848
1	5849
27	5850
1	5851
25	5852
20	5853
14	5854
5	5855
9	5856
9	5857
11	5858
6	5859
3	5860
1	5861
1	5862
6	5863
1	5864
14	5865
9	5866
15	5866
20	5867
25	5868
9	5869
9	5870
9	5871
6	5872
6	5873
6	5874
15	5875
14	5876
9	5877
9	5878
6	5878
6	5879
9	5880
7	5880
6	5881
9	5882
7	5882
8	5883
14	5884
20	5885
9	5886
7	5886
9	5887
7	5887
9	5888
9	5889
19	5890
14	5891
7	5892
9	5892
16	5893
6	5894
18	5894
3	5895
4	5896
9	5897
9	5898
12	5899
6	5900
4	5901
11	5901
9	5902
9	5903
6	5904
2	5905
6	5906
9	5907
6	5908
5	5909
6	5910
21	5911
9	5911
9	5912
12	5913
19	5914
9	5915
1	5916
14	5917
9	5918
1	5919
1	5920
25	5920
9	5920
20	5921
6	5922
7	5923
5	5924
1	5925
28	5926
9	5927
14	5928
9	5929
9	5930
9	5931
9	5932
26	5933
7	5934
9	5934
14	5935
19	5936
1	5937
6	5938
9	5939
14	5940
14	5941
1	5942
6	5943
3	5944
4	5945
4	5946
14	5947
14	5948
20	5949
28	5950
14	5951
28	5952
9	5953
5	5954
9	5954
14	5955
6	5956
6	5957
9	5958
9	5959
25	5960
9	5961
20	5961
4	5962
6	5963
5	5963
1	5964
6	5965
1	5966
6	5967
15	5967
19	5968
7	5969
9	5969
5	5970
9	5971
25	5972
16	5973
9	5974
6	5975
6	5976
4	5977
14	5978
6	5979
5	5980
9	5980
1	5981
6	5981
25	5982
20	5983
9	5984
9	5985
25	5986
9	5987
9	5988
7	5988
25	5989
11	5990
6	5991
6	5992
6	5993
9	5994
10	5995
12	5996
4	5996
9	5997
7	5998
9	5998
1	5999
6	6000
27	6001
1	6001
6	6002
6	6003
9	6004
9	6005
6	6006
4	6007
9	6008
4	6009
25	6010
9	6011
12	6012
9	6013
14	6014
14	6015
1	6016
14	6017
9	6018
9	6019
9	6020
16	6021
7	6022
9	6022
9	6023
1	6024
11	6025
6	6026
9	6027
9	6028
9	6029
28	6030
6	6031
6	6032
9	6033
9	6034
6	6035
25	6036
7	6037
9	6037
4	6038
15	6039
6	6039
6	6040
10	6041
24	6042
14	6043
25	6044
6	6045
1	6046
18	6047
14	6048
9	6049
9	6050
5	6051
6	6052
3	6052
28	6053
9	6054
25	6055
25	6056
6	6057
12	6058
11	6058
28	6059
16	6060
20	6061
9	6062
6	6063
11	6063
3	6063
9	6064
6	6065
1	6065
1	6066
22	6066
6	6067
9	6068
7	6068
9	6069
10	6070
25	6071
14	6072
20	6073
25	6073
6	6074
20	6074
7	6075
7	6076
7	6077
6	6078
18	6079
9	6079
9	6080
25	6081
11	6082
6	6083
6	6084
9	6085
6	6085
6	6086
9	6087
7	6088
9	6088
25	6089
9	6090
7	6090
9	6091
6	6092
6	6093
9	6094
7	6094
6	6095
6	6096
4	6097
8	6098
6	6099
6	6100
9	6101
19	6102
12	6103
1	6104
1	6105
7	6105
9	6106
7	6106
4	6107
2	6108
25	6109
9	6110
6	6111
25	6112
25	6113
18	6114
6	6115
9	6116
6	6116
20	6117
20	6118
20	6119
14	6120
14	6121
14	6122
14	6123
6	6124
7	6124
4	6125
27	6126
9	6126
14	6127
9	6128
6	6128
20	6129
20	6130
7	6131
3	6132
3	6133
25	6134
4	6135
3	6136
20	6137
18	6138
9	6138
14	6139
10	6140
8	6141
9	6142
7	6142
14	6143
14	6144
6	6144
14	6145
14	6146
6	6147
28	6148
20	6149
1	6150
1	6151
9	6152
9	6153
9	6154
6	6155
12	6156
6	6157
25	6158
9	6159
9	6160
1	6161
6	6161
12	6162
18	6162
7	6163
9	6163
19	6164
25	6165
20	6166
9	6167
9	6168
14	6169
9	6170
14	6170
14	6171
7	6172
9	6172
6	6173
9	6174
7	6174
6	6175
25	6176
9	6177
16	6178
25	6178
6	6179
9	6180
9	6181
14	6182
9	6183
10	6184
6	6185
9	6186
9	6187
9	6188
6	6189
9	6190
6	6191
12	6192
1	6192
1	6193
6	6194
25	6195
12	6196
25	6196
12	6197
6	6198
9	6199
9	6200
18	6201
7	6202
9	6202
6	6203
6	6204
9	6204
18	6205
6	6206
9	6207
28	6208
3	6209
6	6210
7	6211
6	6211
5	6212
14	6213
9	6214
6	6215
6	6216
9	6217
9	6218
4	6219
3	6220
28	6221
9	6222
9	6223
9	6224
14	6225
12	6226
6	6227
15	6228
6	6229
12	6230
14	6231
6	6232
1	6233
9	6234
6	6235
6	6236
6	6237
6	6238
1	6239
22	6239
11	6240
6	6241
20	6242
28	6243
9	6244
6	6245
7	6245
25	6246
20	6247
20	6248
9	6249
7	6249
7	6250
9	6250
6	6251
9	6252
11	6252
25	6253
9	6254
18	6254
9	6255
6	6256
6	6257
9	6258
6	6259
14	6260
19	6261
6	6262
6	6263
14	6263
6	6264
9	6265
7	6266
9	6266
9	6267
9	6268
6	6269
9	6270
18	6271
9	6272
7	6272
14	6273
9	6274
7	6274
9	6275
9	6276
14	6277
9	6278
9	6279
6	6280
9	6280
6	6281
7	6282
9	6282
9	6283
11	6284
28	6285
6	6286
6	6287
25	6288
6	6289
6	6290
27	6290
6	6291
6	6292
6	6293
12	6294
6	6295
9	6296
18	6296
1	6297
19	6298
9	6299
6	6300
9	6301
12	6302
1	6303
20	6303
3	6303
7	6304
9	6304
2	6305
7	6306
9	6306
27	6307
1	6308
25	6309
9	6310
9	6311
20	6311
20	6312
20	6313
20	6314
9	6315
1	6316
20	6316
1	6317
20	6318
20	6319
9	6320
15	6320
19	6321
6	6322
4	6323
4	6324
5	6325
13	6326
9	6327
6	6328
3	6329
9	6329
6	6330
14	6331
27	6332
9	6333
9	6334
9	6335
9	6336
7	6336
9	6337
6	6338
9	6339
20	6340
1	6340
9	6341
5	6342
28	6342
15	6343
11	6344
6	6344
6	6345
5	6346
28	6346
6	6347
6	6348
9	6349
9	6350
1	6351
6	6352
12	6353
11	6353
6	6354
6	6355
1	6356
6	6357
9	6358
9	6359
6	6359
1	6360
6	6361
20	6362
9	6363
6	6364
18	6365
19	6366
9	6367
6	6368
16	6369
1	6370
14	6371
6	6372
25	6373
4	6374
6	6375
11	6375
4	6375
11	6376
12	6377
7	6378
9	6379
7	6380
9	6381
3	6382
6	6383
7	6384
9	6384
9	6385
7	6385
22	6386
20	6387
6	6388
20	6389
20	6390
6	6391
7	6392
6	6393
9	6394
7	6394
6	6395
3	6396
3	6397
4	6398
11	6399
9	6400
6	6401
14	6401
14	6402
6	6403
1	6404
6	6405
25	6406
14	6407
7	6408
14	6409
25	6410
6	6411
7	6411
26	6412
27	6413
9	6413
6	6414
20	6415
9	6416
20	6417
20	6418
6	6419
6	6420
1	6421
9	6422
7	6422
9	6423
6	6424
27	6425
9	6425
1	6426
1	6427
1	6428
6	6429
9	6430
9	6431
7	6432
9	6432
9	6433
7	6434
9	6434
28	6435
6	6436
1	6436
6	6437
9	6438
7	6438
9	6439
19	6440
9	6441
9	6442
4	6443
9	6444
9	6445
5	6445
9	6446
9	6447
6	6448
12	6449
1	6450
14	6451
9	6452
15	6453
6	6454
9	6455
9	6456
6	6457
9	6458
16	6459
12	6460
18	6460
20	6461
25	6462
9	6463
20	6464
6	6465
9	6466
25	6467
9	6468
25	6469
6	6470
8	6471
9	6472
3	6473
9	6473
11	6473
6	6474
14	6475
9	6476
19	6477
9	6478
6	6479
9	6480
6	6481
25	6482
25	6483
6	6483
1	6484
1	6485
15	6486
6	6487
9	6488
20	6489
28	6490
6	6491
25	6492
9	6493
6	6493
9	6494
10	6495
1	6496
27	6496
1	6497
9	6498
1	6499
1	6500
9	6501
7	6501
9	6502
6	6503
19	6504
9	6505
6	6506
6	6507
1	6508
23	6509
9	6510
14	6511
1	6512
14	6513
9	6514
9	6515
25	6516
6	6517
9	6518
28	6519
21	6520
9	6521
6	6522
5	6523
1	6524
1	6525
25	6526
1	6527
1	6528
25	6528
18	6529
9	6529
18	6530
25	6531
4	6532
9	6533
9	6534
6	6535
10	6536
6	6537
6	6538
6	6539
2	6540
6	6540
19	6541
6	6542
9	6543
14	6544
14	6545
6	6546
19	6547
25	6548
14	6549
25	6549
14	6550
19	6551
9	6552
5	6552
6	6553
27	6554
6	6555
9	6556
20	6557
14	6558
6	6558
6	6559
14	6560
17	6561
6	6562
1	6562
3	6562
6	6563
25	6564
1	6565
9	6566
25	6567
6	6568
10	6569
21	6569
6	6570
14	6571
9	6572
5	6573
25	6574
6	6575
6	6576
25	6577
6	6578
18	6579
15	6580
6	6580
20	6581
19	6582
1	6583
1	6584
14	6585
9	6586
18	6587
9	6588
20	6589
20	6590
14	6590
9	6591
17	6592
25	6593
1	6594
5	6594
8	6595
6	6596
14	6597
9	6598
16	6599
5	6600
5	6601
1	6602
4	6603
6	6604
6	6605
6	6606
1	6607
9	6608
17	6609
5	6610
9	6611
6	6612
10	6613
4	6614
6	6615
9	6616
4	6617
6	6618
15	6618
5	6619
5	6620
6	6621
1	6622
7	6622
1	6623
1	6624
9	6625
1	6626
9	6627
9	6628
28	6629
1	6630
1	6631
1	6632
9	6633
1	6634
9	6635
14	6636
14	6637
20	6638
12	6639
9	6640
6	6641
9	6642
23	6643
20	6644
1	6644
20	6645
14	6646
6	6647
6	6648
9	6649
7	6650
9	6650
27	6651
6	6652
6	6653
6	6654
9	6655
6	6656
6	6657
6	6658
9	6659
6	6660
6	6661
14	6662
7	6663
6	6663
9	6664
6	6665
9	6666
9	6667
9	6668
14	6669
14	6670
20	6671
6	6672
6	6673
9	6674
10	6675
9	6676
6	6677
10	6678
6	6679
25	6680
19	6681
6	6682
5	6683
6	6684
6	6685
9	6686
9	6687
5	6687
6	6688
6	6689
6	6690
18	6691
6	6691
1	6692
19	6693
9	6694
8	6695
9	6696
25	6697
14	6698
19	6699
9	6700
6	6701
6	6702
6	6703
9	6704
9	6705
6	6706
11	6707
6	6708
11	6709
11	6710
12	6710
6	6711
6	6712
19	6713
10	6714
6	6715
14	6716
25	6717
25	6718
9	6719
9	6720
9	6721
1	6722
1	6723
9	6724
6	6725
9	6726
14	6727
9	6728
9	6729
9	6730
9	6731
7	6731
9	6732
6	6733
11	6734
25	6735
26	6736
25	6737
6	6738
6	6739
6	6740
9	6741
1	6741
6	6742
6	6743
6	6744
6	6745
6	6746
9	6747
9	6748
10	6749
10	6750
18	6751
9	6752
6	6753
9	6753
9	6754
14	6755
9	6756
16	6756
6	6757
9	6757
9	6758
3	6759
28	6760
9	6761
6	6762
9	6763
9	6764
9	6765
25	6766
1	6767
6	6767
9	6768
6	6769
1	6769
6	6770
6	6771
14	6772
9	6773
6	6773
7	6774
12	6775
9	6776
6	6777
18	6778
21	6778
6	6778
6	6779
18	6779
9	6780
14	6781
9	6782
25	6782
9	6783
27	6784
20	6785
9	6786
9	6787
9	6788
5	6789
9	6789
7	6790
9	6790
9	6791
6	6792
14	6793
14	6794
20	6795
6	6796
9	6797
9	6798
5	6799
15	6800
6	6801
9	6802
6	6803
9	6804
4	6805
14	6806
25	6807
14	6808
14	6809
9	6810
6	6811
6	6812
4	6813
18	6814
10	6814
7	6815
9	6815
6	6816
6	6817
20	6818
1	6818
6	6819
6	6820
9	6821
9	6822
14	6823
6	6824
28	6825
5	6825
1	6826
3	6827
1	6827
23	6828
1	6829
1	6830
12	6831
15	6831
9	6832
27	6832
3	6833
6	6833
10	6834
7	6835
9	6835
25	6836
15	6837
6	6838
6	6839
11	6840
6	6841
9	6842
6	6843
9	6844
15	6844
6	6845
7	6845
18	6846
10	6847
14	6848
19	6849
6	6850
6	6851
6	6852
28	6853
28	6854
9	6855
7	6856
9	6857
9	6858
6	6859
9	6860
6	6861
6	6862
18	6863
10	6864
6	6865
28	6866
6	6867
6	6868
20	6869
20	6870
9	6871
17	6872
9	6873
6	6874
11	6875
9	6876
7	6877
9	6877
14	6878
14	6879
6	6879
6	6880
3	6881
9	6882
6	6883
